27
16
44
38
42
46
19
77
59
50
48
49
52
137
135
93
105
106
107
134
99
118
120
114
113
128
144
138
161
155
156
157
160
159
171
162
163
164
214
213
208
250
220
218
286
269
303
310
422
425
419
415
418
410
414
473
501
551
552
549
544
546
547
540
545
538
530
528
556
543
542
532
534
594
571
573
560
577
583
562
566
567
568
572
559
561
565
581
582
617
613
621
623
624
651
666
667
635
636
736
741
743
774
771
781
768
767
762
754
748
749
745
787
799
819
816
812
814
813
802
828
841
849
859
851
831
862
870
935
919
925
909
902
908
907
910
921
923
926
951
953
973
959
943
964
965
967
969
955
947
1008
1002
1005
994
1000
991
992
988
990
987
980
997
983
981
34
961
968
934
937
918
941
931
917
914
974
1133
1134
1137
1186
1188
1184
1178
1159
1151
1154
1147
1197
1198
1185
1187
1179
1152
1141
1135
1124
1101
31
56
880
133
136
101
112
75
82
122
154
143
230
832
829
924
863
1044
22
1148
108
98
117
119
43
45
47
51
1149
167
170
149
172
121
454
842
850
857
873
759
758
791
788
769
765
775
648
650
746
744
740
738
729
634
627
616
619
600
580
601
570
574
576
563
554
979
962
963
966
958
960
818
817
811
553
548
537
536
541
513
481
486
1200
564
569
575
555
558
539
533
432
421
424
420
417
413
322
304
297
291
267
233
219
215
